1.40719 2.44697 2.3168 1.50963 2.06477 2.59033 1.05843 0.82307 1.32127 2.08915 inf -0 
3.23772 2.44697 2.3168 1.50963 3.87961 2.90449 2.32697 1.65332 3.20157 2.08915 inf -0 
4.78037 3.79397 3.00288 2.46386 5.20577 4.3814 3.00419 1.8851 5.55779 5.43414 inf -0 
5.26903 4.7639 3.97411 3.36903 5.20577 4.3814 3.00419 2.00748 5.55779 5.43414 inf -0 
5.96063 5.46303 4.80453 3.36903 5.20577 5.09758 3.99005 2.04273 5.55779 5.43414 inf -0 
6.32615 5.46303 4.80453 3.36903 6.48833 5.89017 4.05611 2.04776 5.55779 5.43414 inf -0 
6.84966 6.48374 5.02131 3.66978 6.48833 5.89017 4.05611 2.05604 5.55779 5.43414 inf -0 
7.70653 6.75857 5.19273 3.66978 7.04828 6.21365 4.09087 2.05707 6.74467 6.85302 inf -0 
7.89297 6.75857 5.19273 3.66978 7.99882 6.32558 4.09898 2.05737 8.07688 6.85302 inf -0 
8.19761 6.97059 5.19273 3.66978 7.99882 6.35269 4.10035 2.05742 8.07688 6.85302 inf -0 
8.35799 6.9867 5.2437 3.70775 7.99882 6.35269 4.10035 2.05827 8.07688 6.85302 inf -0 
8.36983 7.02399 5.26796 3.70775 7.99882 6.35269 4.10405 2.05838 8.07688 6.85302 inf -0 
8.39704 7.04284 5.26796 3.70775 7.99882 6.36136 4.10447 2.0584 8.07688 6.85302 inf -0 
8.41069 7.04778 5.27105 3.71169 7.99882 6.36136 4.10447 2.05848 8.07688 6.85302 inf -0 
8.41426 7.04811 5.27329 3.71169 7.99882 6.36136 4.10478 2.0585 8.07688 6.85302 inf -0 
8.4145 7.04972 5.27352 3.71224 7.99882 6.36136 4.10478 2.05851 8.07688 6.85302 inf -0 
8.41566 7.04995 5.27352 3.71224 7.99882 6.36263 4.10484 2.05851 8.07688 6.85302 inf -0 
8.41582 7.05026 5.27387 3.7123 7.99882 6.36263 4.10484 2.05851 8.07688 6.85302 inf -0 
8.41605 7.05053 5.27393 3.71231 7.99882 6.36263 4.10484 2.05851 8.07688 6.85302 inf -0 
8.41624 7.05057 5.27393 3.71231 7.99882 6.36276 4.10486 2.05851 8.07688 6.85302 inf -0 
8.41627 7.05061 5.27393 3.71231 7.99882 6.36279 4.10487 2.05851 8.07688 6.85302 inf -0 
8.4163 7.05061 5.27393 3.71231 7.99882 6.36279 4.10487 2.05851 8.07688 6.85302 inf -0 
8.4163 7.05062 5.27394 3.71231 7.99882 6.36279 4.10487 2.05851 8.07688 6.85302 inf -0 
8.4163 7.05062 5.27394 3.71231 8.18841 6.39859 4.10528 2.05852 8.30246 7.8189 inf -0 
8.46573 7.06057 5.2743 3.71233 8.18841 6.39859 4.10528 2.05852 8.30246 7.8189 inf -0 
8.47326 7.06057 5.2743 3.71233 8.25324 6.40315 4.10539 2.05852 8.30246 7.8189 inf -0 
8.48873 7.06057 5.2743 3.71233 8.25955 6.4071 4.10544 2.05852 8.97594 8.01003 inf -0 
8.4902 7.06371 5.2743 3.71233 8.25955 6.4076 4.10545 2.05852 8.97594 8.01003 inf -0 
8.49261 7.06371 5.27445 3.71233 8.3218 6.40846 4.10547 2.05852 8.97594 8.01003 inf -0 
8.50672 7.06467 5.27448 3.71233 8.3218 6.40846 4.10547 2.05852 8.97594 8.01003 inf -0 
8.50747 7.06467 5.27448 3.71233 8.32526 6.4086 4.10547 2.05852 8.97594 8.01003 inf -0 
8.50824 7.06479 5.27449 3.71234 8.32526 6.4086 4.10547 2.05852 8.97594 8.01003 inf -0 
8.50833 7.0648 5.27449 3.71234 8.32526 6.40861 4.10547 2.05852 8.97594 8.01003 inf -0 
8.50834 7.0648 5.27449 3.71234 8.32526 6.40861 4.10547 2.05852 8.97594 8.01003 inf -0 
8.50834 7.06481 5.27449 3.71234 8.32526 6.40862 4.10547 2.05852 8.97594 8.01003 inf -0 
8.50834 7.06481 5.27449 3.71234 8.32526 6.40862 4.10547 2.05852 8.97594 8.01003 inf -0 
8.50834 7.06481 5.27449 3.71234 8.33513 6.40874 4.10547 2.05852 9.14786 8.01003 inf -0 
8.51051 7.0649 5.2745 3.71234 8.33513 6.40874 4.10547 2.05852 9.14786 8.01003 inf -0 
8.51058 7.0649 5.2745 3.71234 8.33513 6.40874 4.10547 2.05852 9.14786 8.01003 inf -0 
8.51059 7.0649 5.2745 3.71234 8.33602 6.40877 4.10547 2.05852 9.14786 8.01003 inf -0 
8.51079 7.06491 5.2745 3.71234 8.33602 6.40877 4.10547 2.05852 9.14786 8.01003 inf -0 
8.5108 7.06491 5.2745 3.71234 8.33602 6.40877 4.10547 2.05852 9.14786 8.01003 inf -0 
8.5108 7.06492 5.2745 3.71234 8.33602 6.40877 4.10547 2.05852 9.14786 8.01003 inf -0 
8.5108 7.06492 5.2745 3.71234 8.33602 6.40877 4.10547 2.05852 9.14786 8.01003 inf -0 
8.5108 7.06492 5.2745 3.71234 8.33602 6.40877 4.10547 2.05852 9.14786 8.01003 inf -0 
8.5108 7.06492 5.2745 3.71234 8.33602 6.40877 4.10547 2.05852 9.14786 8.01003 inf -0 
8.5108 7.06492 5.2745 3.71234 8.33602 6.40877 4.10547 2.05852 9.14786 8.01003 inf -0 
8.5108 7.06492 5.2745 3.71234 8.33602 6.40877 4.10547 2.05852 9.14786 8.01003 inf -0 
8.5108 7.06492 5.2745 3.71234 8.33602 6.40877 4.10547 2.05852 9.14786 8.01003 inf -0 
8.5108 7.06492 5.2745 3.71234 8.33602 6.40877 4.10547 2.05852 9.14786 8.01003 inf -0 
8.5108 7.06492 5.2745 3.71234 8.33602 6.40877 4.10547 2.05852 9.14786 8.01003 inf -0 
8.5108 7.06492 5.2745 3.71234 8.33602 6.40877 4.10547 2.05852 9.14786 8.01003 inf -0 
8.51081 7.06492 5.2745 3.71234 8.33609 6.40877 4.10547 2.05852 9.14786 8.01003 inf -0 
8.51081 7.06492 5.2745 3.71234 8.33609 6.40877 4.10547 2.05852 9.14786 8.01003 inf -0 
8.51081 7.06492 5.2745 3.71234 8.33609 6.40877 4.10547 2.05852 9.14786 8.01003 inf -0 
8.51081 7.06492 5.2745 3.71234 8.33609 6.40877 4.10547 2.05852 9.14786 8.01003 inf -0 
8.51081 7.06492 5.2745 3.71234 8.33609 6.40877 4.10547 2.05852 9.14786 8.01003 inf -0 
8.51081 7.06492 5.2745 3.71234 8.33609 6.40877 4.10547 2.05852 9.14786 8.01003 inf -0 
8.51081 7.06492 5.2745 3.71234 8.33609 6.40877 4.10547 2.05852 9.14786 8.01003 inf -0 
8.51081 7.06492 5.2745 3.71234 8.33609 6.40877 4.10547 2.05852 9.14786 8.01003 inf -0 
8.51081 7.06492 5.2745 3.71234 8.33609 6.40877 4.10547 2.05852 9.14786 8.01003 inf -0 
8.51081 7.06492 5.2745 3.71234 8.33609 6.40877 4.10547 2.05852 9.14786 8.01003 inf -0 
8.51081 7.06492 5.2745 3.71234 8.33609 6.40877 4.10547 2.05852 9.14786 8.01003 inf -0 
8.51081 7.06492 5.2745 3.71234 8.33609 6.40877 4.10547 2.05852 9.14786 8.01003 inf -0 
8.51081 7.06492 5.2745 3.71234 8.33609 6.40877 4.10547 2.05852 9.14786 8.01003 inf -0 
8.51081 7.06492 5.2745 3.71234 8.33609 6.40877 4.10547 2.05852 9.14786 8.01003 inf -0 
8.51081 7.06492 5.2745 3.71234 8.33609 6.40877 4.10547 2.05852 9.14786 8.01003 inf -0 
8.51081 7.06492 5.2745 3.71234 8.33609 6.40877 4.10547 2.05852 9.14786 8.01003 inf -0 
8.51081 7.06492 5.2745 3.71234 8.33609 6.40877 4.10547 2.05852 9.14786 8.01003 inf -0 
8.51081 7.06492 5.2745 3.71234 8.33609 6.40877 4.10547 2.05852 9.14786 8.01003 inf -0 
8.51081 7.06492 5.2745 3.71234 8.33609 6.40877 4.10547 2.05852 9.14786 8.01003 inf -0 
8.51081 7.06492 5.2745 3.71234 8.33609 6.40877 4.10547 2.05852 9.14786 8.01003 inf -0 
8.51081 7.06492 5.2745 3.71234 8.33609 6.40877 4.10547 2.05852 9.14786 8.01003 inf -0 
8.51081 7.06492 5.2745 3.71234 8.33609 6.40877 4.10547 2.05852 9.14786 8.01003 inf -0 
8.51081 7.06492 5.2745 3.71234 8.33609 6.40877 4.10547 2.05852 9.14786 8.01003 inf -0 
8.51081 7.06492 5.2745 3.71234 8.33609 6.40877 4.10547 2.05852 9.14786 8.01003 inf -0 
8.51081 7.06492 5.2745 3.71234 8.33609 6.40877 4.10547 2.05852 9.14786 8.01003 inf -0 
8.51081 7.06492 5.2745 3.71234 8.33609 6.40877 4.10547 2.05852 9.14786 8.01003 inf -0 
8.51081 7.06492 5.2745 3.71234 8.33609 6.40877 4.10547 2.05852 9.14786 8.01003 inf -0 
8.51081 7.06492 5.2745 3.71234 8.33609 6.40877 4.10547 2.05852 9.14786 8.01003 inf -0 
8.51081 7.06492 5.2745 3.71234 8.33609 6.40877 4.10547 2.05852 9.14786 8.01003 inf -0 
8.51081 7.06492 5.2745 3.71234 8.33609 6.40877 4.10547 2.05852 9.14786 8.01003 inf -0 
8.51081 7.06492 5.2745 3.71234 8.33609 6.40877 4.10547 2.05852 9.14786 8.01003 inf -0 
8.51081 7.06492 5.2745 3.71234 8.33609 6.40877 4.10547 2.05852 9.14786 8.01003 inf -0 
8.51081 7.06492 5.2745 3.71234 8.33609 6.40877 4.10547 2.05852 9.14786 8.01003 inf -0 
8.51081 7.06492 5.2745 3.71234 8.33668 6.40878 4.10547 2.05852 9.15937 8.01003 inf -0 
8.51094 7.06492 5.2745 3.71234 8.33673 6.40878 4.10547 2.05852 9.15937 8.01003 inf -0 
8.51095 7.06492 5.2745 3.71234 8.33673 6.40878 4.10547 2.05852 9.15937 8.01003 inf -0 
8.51096 7.06492 5.2745 3.71234 8.33674 6.40878 4.10547 2.05852 9.15937 8.01003 inf -0 
8.51096 7.06492 5.2745 3.71234 8.33674 6.40878 4.10547 2.05852 9.15937 8.01003 inf -0 
8.51096 7.06492 5.2745 3.71234 8.33674 6.40878 4.10547 2.05852 9.15937 8.01003 inf -0 
8.51096 7.06492 5.2745 3.71234 8.33674 6.40878 4.10547 2.05852 9.15937 8.01003 inf -0 
8.51096 7.06492 5.2745 3.71234 8.33674 6.40878 4.10547 2.05852 9.15937 8.01003 inf -0 
8.51096 7.06492 5.2745 3.71234 8.33674 6.40878 4.10547 2.05852 9.15937 8.01003 inf -0 
8.51096 7.06492 5.2745 3.71234 8.33674 6.40878 4.10547 2.05852 9.15937 8.01003 inf -0 
8.51096 7.06492 5.2745 3.71234 8.33674 6.40878 4.10547 2.05852 9.15937 8.01003 inf -0 
8.51096 7.06492 5.2745 3.71234 8.33674 6.40878 4.10547 2.05852 9.15937 8.01003 inf -0 
8.51096 7.06492 5.2745 3.71234 8.33674 6.40878 4.10547 2.05852 9.15937 8.01003 inf -0 
8.51096 7.06492 5.2745 3.71234 8.33674 6.40878 4.10547 2.05852 9.15937 8.01003 inf -0 
8.51096 7.06492 5.2745 3.71234 8.33674 6.40878 4.10547 2.05852 9.15937 8.01003 inf -0 
