6.40633 -0 2.88326 3.70332 5.17724 6.09912 5.66591 -0 0.458295 -0 
7.12185 -0 -0 -0 6.7436 6.67659 5.8327 -0 1.66171 1.34416 
9.27314 9.82898 8.85834 7.96229 7.51751 6.58758 5.12324 3.81444 3.01645 2.40907 
10.3462 10.7305 -0 -0 -0 -0 4.39021 4.04585 2.77062 1.46011 
11.4956 12.1181 14.5017 16.2367 18.7983 20.1897 -0 -0 -0 -0 
12.6582 14.1114 15.441 17.1915 19.1752 20.967 22.5449 24.1849 26.673 28.4935 
12.2259 14.3544 15.3413 16.7258 18.6189 19.9225 -0 -0 29.0566 -0 
-0 -0 -0 -0 -0 -0 36.4641 35.9912 33.902 33.9524 
48.3841 46.9242 45.8282 42.3382 41.2586 39.4748 37.3873 -0 33.4993 34.2808 
48.2677 46.8063 45.4112 43.4456 41.2691 39.896 38.3979 -0 33.6542 34.1672 
