0.73504 0.367879 0.735748 0.689774 0.7354 0.735714 0.735753 0.735748 0.735579 0.735669 0 1 
0.735759 0.735759 0.735759 0.735759 0.735759 0.735759 0.735759 0.867879 0.735759 0.735759 0 1.5 
0.735759 0.735759 0.735759 0.801819 0.735759 0.735759 0.801819 1.11788 0.735759 0.735759 0 1.75 
0.744016 0.752274 0.831289 0.926819 0.752274 0.768789 0.926819 1.24288 0.744016 0.752274 0 1.875 
0.767454 0.752274 0.862539 0.989319 0.799149 0.862539 0.989319 1.30538 0.759641 0.799149 0 1.9375 
0.767454 0.752274 0.862539 0.989319 0.799149 0.862539 1.02057 1.33663 0.767454 0.799149 0 1.96875 
0.767454 0.752274 0.862539 1.03619 0.799149 0.878164 1.02057 1.35225 0.767454 0.799149 0 1.98438 
0.77136 0.806961 0.878164 1.04401 0.806961 0.878164 1.04401 1.36007 0.77136 0.806961 0 1.99219 
0.77136 0.806961 0.889883 1.04791 0.806961 0.889883 1.04791 1.36397 0.77136 0.806961 0 1.99609 
0.774778 0.814286 0.892812 1.04987 0.813797 0.892812 1.04987 1.36593 0.775022 0.814286 0 1.99805 
0.775022 0.814286 0.892812 1.05084 0.813797 0.892812 1.04987 1.3669 0.775022 0.814286 0 1.99902 
0.775022 0.814286 0.892812 1.05084 0.814286 0.892812 1.05133 1.36739 0.775022 0.814286 0 1.99951 
0.775022 0.814713 0.893667 1.05158 0.814652 0.893667 1.05158 1.36764 0.775205 0.814652 0 1.99976 
0.775205 0.814713 0.893667 1.05158 0.814713 0.893667 1.0517 1.36776 0.775205 0.814652 0 1.99988 
0.775251 0.814743 0.893759 1.05176 0.814743 0.893728 1.05176 1.36782 0.775251 0.814743 0 1.99994 
0.775263 0.814766 0.893774 1.05179 0.814766 0.893774 1.05179 1.36785 0.775259 0.814766 0 1.99997 
0.775263 0.814766 0.893781 1.0518 0.814766 0.893774 1.0518 1.36786 0.775263 0.814766 0 1.99998 
0.775265 0.814772 0.893781 1.0518 0.81477 0.893785 1.05181 1.36787 0.775265 0.814772 0 1.99999 
0.775266 0.814772 0.893787 1.05182 0.814773 0.893787 1.05182 1.36788 0.775265 0.814772 0 2 
0.775266 0.814773 0.893788 1.05182 0.814773 0.893787 1.05182 1.36788 0.775266 0.814773 0 2 
0.775266 0.814773 0.893789 1.05182 0.814773 0.893787 1.05182 1.36788 0.775266 0.814773 0 2 
0.775266 0.814774 0.893789 1.05182 0.814773 0.893787 1.05182 1.36788 0.775266 0.814773 0 2 
0.775266 0.814774 0.893789 1.05182 0.814773 0.893789 1.05182 1.36788 0.775266 0.814773 0 2 
0.775266 0.814774 0.893789 1.05182 0.814773 0.893789 1.05182 1.36788 0.775266 0.814773 0 2 
0.775266 0.814774 0.893789 1.05182 0.814773 0.893789 1.05182 1.36788 0.775266 0.814773 0 2 
0.775266 0.814774 0.893789 1.05182 0.814773 0.893789 1.05182 1.36788 0.775266 0.814773 0 2 
0.775266 0.814774 0.893789 1.05182 0.814773 0.893789 1.05182 1.36788 0.775266 0.814773 0 2 
0.775266 0.814774 0.893789 1.05182 0.814773 0.893789 1.05182 1.36788 0.775266 0.814773 0 2 
0.775266 0.814774 0.893789 1.05182 0.814774 0.893789 1.05182 1.36788 0.775266 0.814773 0 2 
0.775266 0.814774 0.893789 1.05182 0.814774 0.893789 1.05182 1.36788 0.775266 0.814774 0 2 
0.775266 0.814774 0.893789 1.05182 0.814774 0.893789 1.05182 1.36788 0.775266 0.814774 0 2 
0.775266 0.814774 0.893789 1.05182 0.814774 0.893789 1.05182 1.36788 0.775266 0.814774 0 2 
0.775266 0.814774 0.893789 1.05182 0.814774 0.893789 1.05182 1.36788 0.775266 0.814774 0 2 
0.775266 0.814774 0.893789 1.05182 0.814774 0.893789 1.05182 1.36788 0.775266 0.814774 0 2 
0.775266 0.814774 0.893789 1.05182 0.814774 0.893789 1.05182 1.36788 0.775266 0.814774 0 2 
0.775266 0.814774 0.893789 1.05182 0.814774 0.893789 1.05182 1.36788 0.775266 0.814774 0 2 
0.775266 0.814774 0.893789 1.05182 0.814774 0.893789 1.05182 1.36788 0.775266 0.814774 0 2 
0.775266 0.814774 0.893789 1.05182 0.814774 0.893789 1.05182 1.36788 0.775266 0.814774 0 2 
0.775266 0.814774 0.893789 1.05182 0.814774 0.893789 1.05182 1.36788 0.775266 0.814774 0 2 
0.775266 0.814774 0.893789 1.05182 0.814774 0.893789 1.05182 1.36788 0.775266 0.814774 0 2 
0.775266 0.814774 0.893789 1.05182 0.814774 0.893789 1.05182 1.36788 0.775266 0.814774 0 2 
0.775266 0.814774 0.893789 1.05182 0.814774 0.893789 1.05182 1.36788 0.775266 0.814774 0 2 
0.775266 0.814774 0.893789 1.05182 0.814774 0.893789 1.05182 1.36788 0.775266 0.814774 0 2 
0.775266 0.814774 0.893789 1.05182 0.814774 0.893789 1.05182 1.36788 0.775266 0.814774 0 2 
0.775266 0.814774 0.893789 1.05182 0.814774 0.893789 1.05182 1.36788 0.775266 0.814774 0 2 
0.775266 0.814774 0.893789 1.05182 0.814774 0.893789 1.05182 1.36788 0.775266 0.814774 0 2 
0.775266 0.814774 0.893789 1.05182 0.814774 0.893789 1.05182 1.36788 0.775266 0.814774 0 2 
0.775266 0.814774 0.893789 1.05182 0.814774 0.893789 1.05182 1.36788 0.775266 0.814774 0 2 
0.775266 0.814774 0.893789 1.05182 0.814774 0.893789 1.05182 1.36788 0.775266 0.814774 0 2 
0.775266 0.814774 0.893789 1.05182 0.814774 0.893789 1.05182 1.36788 0.775266 0.814774 0 2 
0.775266 0.814774 0.893789 1.05182 0.814774 0.893789 1.05182 1.36788 0.775266 0.814774 0 2 
0.775266 0.814774 0.893789 1.05182 0.814774 0.893789 1.05182 1.36788 0.775266 0.814774 0 2 
0.775266 0.814774 0.893789 1.05182 0.814774 0.893789 1.05182 1.36788 0.775266 0.814774 0 2 
0.775266 0.814774 0.893789 1.05182 0.814774 0.893789 1.05182 1.36788 0.775266 0.814774 0 2 
0.775266 0.814774 0.893789 1.05182 0.814774 0.893789 1.05182 1.36788 0.775266 0.814774 0 2 
0.775266 0.814774 0.893789 1.05182 0.814774 0.893789 1.05182 1.36788 0.775266 0.814774 0 2 
0.775266 0.814774 0.893789 1.05182 0.814774 0.893789 1.05182 1.36788 0.775266 0.814774 0 2 
0.775266 0.814774 0.893789 1.05182 0.814774 0.893789 1.05182 1.36788 0.775266 0.814774 0 2 
0.775266 0.814774 0.893789 1.05182 0.814774 0.893789 1.05182 1.36788 0.775266 0.814774 0 2 
0.775266 0.814774 0.893789 1.05182 0.814774 0.893789 1.05182 1.36788 0.775266 0.814774 0 2 
0.775266 0.814774 0.893789 1.05182 0.814774 0.893789 1.05182 1.36788 0.775266 0.814774 0 2 
0.775266 0.814774 0.893789 1.05182 0.814774 0.893789 1.05182 1.36788 0.775266 0.814774 0 2 
0.775266 0.814774 0.893789 1.05182 0.814774 0.893789 1.05182 1.36788 0.775266 0.814774 0 2 
0.775266 0.814774 0.893789 1.05182 0.814774 0.893789 1.05182 1.36788 0.775266 0.814774 0 2 
0.775266 0.814774 0.893789 1.05182 0.814774 0.893789 1.05182 1.36788 0.775266 0.814774 0 2 
0.775266 0.814774 0.893789 1.05182 0.814774 0.893789 1.05182 1.36788 0.775266 0.814774 0 2 
0.775266 0.814774 0.893789 1.05182 0.814774 0.893789 1.05182 1.36788 0.775266 0.814774 0 2 
0.775266 0.814774 0.893789 1.05182 0.814774 0.893789 1.05182 1.36788 0.775266 0.814774 0 2 
0.775266 0.814774 0.893789 1.05182 0.814774 0.893789 1.05182 1.36788 0.775266 0.814774 0 2 
0.775266 0.814774 0.893789 1.05182 0.814774 0.893789 1.05182 1.36788 0.775266 0.814774 0 2 
0.775266 0.814774 0.893789 1.05182 0.814774 0.893789 1.05182 1.36788 0.775266 0.814774 0 2 
0.775266 0.814774 0.893789 1.05182 0.814774 0.893789 1.05182 1.36788 0.775266 0.814774 0 2 
0.775266 0.814774 0.893789 1.05182 0.814774 0.893789 1.05182 1.36788 0.775266 0.814774 0 2 
0.775266 0.814774 0.893789 1.05182 0.814774 0.893789 1.05182 1.36788 0.775266 0.814774 0 2 
0.775266 0.814774 0.893789 1.05182 0.814774 0.893789 1.05182 1.36788 0.775266 0.814774 0 2 
0.775266 0.814774 0.893789 1.05182 0.814774 0.893789 1.05182 1.36788 0.775266 0.814774 0 2 
0.775266 0.814774 0.893789 1.05182 0.814774 0.893789 1.05182 1.36788 0.775266 0.814774 0 2 
0.775266 0.814774 0.893789 1.05182 0.814774 0.893789 1.05182 1.36788 0.775266 0.814774 0 2 
0.775266 0.814774 0.893789 1.05182 0.814774 0.893789 1.05182 1.36788 0.775266 0.814774 0 2 
0.775266 0.814774 0.893789 1.05182 0.814774 0.893789 1.05182 1.36788 0.775266 0.814774 0 2 
0.775266 0.814774 0.893789 1.05182 0.814774 0.893789 1.05182 1.36788 0.775266 0.814774 0 2 
0.775266 0.814774 0.893789 1.05182 0.814774 0.893789 1.05182 1.36788 0.775266 0.814774 0 2 
0.775266 0.814774 0.893789 1.05182 0.814774 0.893789 1.05182 1.36788 0.775266 0.814774 0 2 
0.775266 0.814774 0.893789 1.05182 0.814774 0.893789 1.05182 1.36788 0.775266 0.814774 0 2 
0.775266 0.814774 0.893789 1.05182 0.814774 0.893789 1.05182 1.36788 0.775266 0.814774 0 2 
0.775266 0.814774 0.893789 1.05182 0.814774 0.893789 1.05182 1.36788 0.775266 0.814774 0 2 
0.775266 0.814774 0.893789 1.05182 0.814774 0.893789 1.05182 1.36788 0.775266 0.814774 0 2 
0.775266 0.814774 0.893789 1.05182 0.814774 0.893789 1.05182 1.36788 0.775266 0.814774 0 2 
0.775266 0.814774 0.893789 1.05182 0.814774 0.893789 1.05182 1.36788 0.775266 0.814774 0 2 
0.775266 0.814774 0.893789 1.05182 0.814774 0.893789 1.05182 1.36788 0.775266 0.814774 0 2 
0.775266 0.814774 0.893789 1.05182 0.814774 0.893789 1.05182 1.36788 0.775266 0.814774 0 2 
0.775266 0.814774 0.893789 1.05182 0.814774 0.893789 1.05182 1.36788 0.775266 0.814774 0 2 
0.775266 0.814774 0.893789 1.05182 0.814774 0.893789 1.05182 1.36788 0.775266 0.814774 0 2 
0.775266 0.814774 0.893789 1.05182 0.814774 0.893789 1.05182 1.36788 0.775266 0.814774 0 2 
0.775266 0.814774 0.893789 1.05182 0.814774 0.893789 1.05182 1.36788 0.775266 0.814774 0 2 
0.775266 0.814774 0.893789 1.05182 0.814774 0.893789 1.05182 1.36788 0.775266 0.814774 0 2 
0.775266 0.814774 0.893789 1.05182 0.814774 0.893789 1.05182 1.36788 0.775266 0.814774 0 2 
0.775266 0.814774 0.893789 1.05182 0.814774 0.893789 1.05182 1.36788 0.775266 0.814774 0 2 
0.775266 0.814774 0.893789 1.05182 0.814774 0.893789 1.05182 1.36788 0.775266 0.814774 0 2 
0.775266 0.814774 0.893789 1.05182 0.814774 0.893789 1.05182 1.36788 0.775266 0.814774 0 2 
