23.7043 inf 18.7159 17.7159 16.0928 14.6287 13.2483 inf 1.65391 -0 
22.7043 inf inf inf 14.8026 13.2557 11.6025 inf 3.21849 2.0432 
21.0813 19.0389 16.9724 15.3029 13.645 11.6103 9.55214 7.26521 5.22029 4.07664 
22.4714 21.0936 inf inf inf inf 9.81086 8.38985 6.81412 5.70706 
24.2223 23.4158 25.477 27.5312 29.5723 31.2214 inf inf inf inf 
26.0879 25.7015 27.2405 29.0274 30.9059 32.6715 34.3293 35.998 38.0261 39.0261 
27.5853 27.6198 28.7898 30.2828 31.9184 33.2256 inf inf 39.7013 inf 
inf inf inf inf inf inf 45.3666 43.6972 42.0393 43.6922 
59.0368 57.4963 55.5141 53.5112 51.4962 49.4679 47.425 inf 44.0727 45.2322 
59.2985 57.8785 56.0148 54.1664 52.3627 50.6379 49.0787 inf 45.6753 46.4294 
